.Random.seed <-
c(10403L, 10L, -1915510799L, 77851171L, 489439858L, 1289779396L, 
903048839L, 2016224861L, 106039380L, 1776114298L, 13189573L, 
1289818911L, -2133270874L, -638398416L, 14406355L, 1633552625L, 
2618400L, -1357114690L, 2055427785L, -694061957L, 965962314L, 
-1633972564L, 875579823L, -573742747L, -807276772L, 1852576626L, 
-1420587027L, -399794137L, -479864754L, -965010264L, 1858507435L, 
-1065388087L, -955733032L, 1377876614L, -206521503L, -270287117L, 
-2019442334L, -931848236L, -411104553L, -845614899L, 1831831652L, 
-961796534L, -2145528907L, 85626639L, 167611414L, -1120840000L, 
708219011L, -723252063L, -1371512176L, -1649680018L, -79175911L, 
1637553067L, -1180155494L, -1566427812L, 1341680735L, -819071947L, 
-815640628L, -534025438L, 1571779965L, 1308489335L, 2124287902L, 
-842486184L, 689391547L, 2018781529L, 1648665320L, 1025039126L, 
-1744589679L, 817111363L, 1892363346L, 1348234980L, -927311577L, 
201587069L, -394907532L, 1490481754L, 135995045L, 678931647L, 
837644102L, 983322064L, 1794928627L, 952203025L, -1581336768L, 
1200471838L, -2116481047L, -1888951013L, -1388953814L, 1293430860L, 
-1731176433L, 1260376901L, 1488819452L, -733789358L, 2099172557L, 
-754543481L, 511332206L, 690766152L, -1126030005L, -1923323735L, 
1574476280L, -1119237850L, -981935551L, 87626707L, 472990082L, 
1153025460L, -850939593L, -1227639763L, -601685692L, 571840106L, 
1174651093L, 475557487L, -1527051402L, -1657234272L, -820718237L, 
1042028033L, -40807056L, -1473444594L, 1649100665L, 201946891L, 
-2064508870L, -479090884L, 1928266879L, 435812309L, 197163500L, 
1361689410L, -506370915L, 1748794647L, -2086513538L, 1640090680L, 
1466428187L, 1446674553L, 333736136L, -1589649162L, -1582776015L, 
-116799133L, 1441069874L, 1340273796L, 462573767L, -1762940003L, 
876416788L, 669746618L, -428481531L, 1591499231L, 1127603302L, 
1141390320L, -609065709L, 261651121L, -278981280L, 1224133374L, 
722167433L, -1773850181L, -14365814L, -618966420L, -2060510225L, 
-1675934683L, 2005646556L, -1737321806L, 1064142253L, -994133657L, 
2048317070L, -82518168L, -1974524053L, -1483456247L, 2057566104L, 
-676614458L, 1580309537L, 1375197363L, -1470750174L, 158340116L, 
-942421865L, 757697165L, -2004587612L, -972900982L, -567250443L, 
1437953103L, -865514666L, 816914944L, -1954563261L, -1173873951L, 
-1891424176L, 1236699310L, 25554009L, 1994308715L, -908971558L, 
985037468L, -907668321L, -58841355L, -1082623092L, 261134946L, 
-1328693699L, 451092663L, 930299742L, 1190167192L, -1035521541L, 
-576402535L, 370013224L, 382960854L, -1678061231L, 57094147L, 
489445266L, -1114983132L, -2062197785L, -1396768707L, -1445728588L, 
-1897356006L, 790947429L, 1699015423L, 250466182L, -1749581552L, 
-1880010317L, -1419351471L, 1342396928L, 1844868830L, -1068204759L, 
165208283L, 1837529066L, 1933744012L, -19003185L, -1666955131L, 
-1782891716L, -1788222958L, 578320653L, -31071673L, 1507858478L, 
-1297166968L, -1888127861L, -264130967L, -1421389256L, 1600512742L, 
-1433633151L, -36896237L, 1625761218L, 1517309500L, 278840946L, 
-123114640L, 1156680996L, -110781896L, 1864040858L, -512537136L, 
2008532412L, -58388844L, 1411936898L, 1829064128L, -591046852L, 
-544365936L, 186296098L, -588331512L, -577772788L, -688163940L, 
-1897186286L, -519468160L, -540734700L, -972319448L, -53764038L, 
1567683536L, 1840470636L, 1274620980L, -1662209902L, 1436285280L, 
-1179206324L, -586607136L, -695075934L, 1486027688L, 1268182156L, 
1171481532L, -89172878L, 2141726704L, -575368124L, 903129176L, 
-431181766L, -719542160L, -176886212L, 371844884L, 1337297602L, 
-1481297184L, -266492804L, -80491312L, -1068366942L, 349765160L, 
-457723636L, 1584150460L, 769491250L, 472832192L, -35999180L, 
-818124088L, -1957309766L, 1121049744L, -1643645204L, -1356065196L, 
21968530L, -666654944L, -2054531124L, -839014176L, 1425055426L, 
-1348930520L, 424917932L, 1173682876L, 372040178L, -2096114128L, 
1618778020L, 570241464L, 1512573786L, 534602896L, 1220983676L, 
-1460392172L, 1226075458L, -413339904L, 1438743484L, -1407135920L, 
719679778L, 1508543048L, 2141501452L, 1301883996L, -1049882158L, 
454145536L, 631263572L, 410194152L, 160887034L, -472615216L, 
-665188052L, -1483642636L, -390783598L, -1296225952L, 1426417676L, 
146336480L, -140438942L, -741176664L, -1884091828L, 1314174844L, 
1100332338L, -1221360016L, 1428552516L, 1544525784L, -816148614L, 
1125473840L, 1076410300L, -1198881196L, 1856763970L, 2083467424L, 
-1500721476L, 1605454288L, 1229357922L, 639320808L, -464842548L, 
-908086788L, 823663090L, 627780224L, -772033036L, -441809272L, 
142364474L, -1717505200L, 1996026988L, 1779853716L, 854135890L, 
640166368L, 1202584780L, -1166226272L, 1610503554L, -309018392L, 
-330326292L, 255212860L, -1961001870L, -801402768L, 628992036L, 
-1754551240L, -1982613734L, -1730343728L, 1214306108L, 121288596L, 
1169611650L, -981765696L, 1008107068L, 1026528656L, 1891485218L, 
235527432L, 545896076L, -1848006884L, -390254446L, 603814272L, 
-1824338412L, 84660008L, -777870790L, -97987120L, -101566100L, 
-289090636L, -1919231982L, -1349018144L, -1125330996L, 1483092192L, 
-514684894L, -314965720L, -2030879220L, -215408836L, 648743922L, 
1846471408L, 686179908L, 1191608920L, 1538072378L, 686945776L, 
-1792774468L, 760056084L, 694282946L, 317725792L, 1345729404L, 
738150352L, -262577886L, 872913576L, 479703948L, -1909307204L, 
161093426L, 1121139264L, 1361347764L, 153823816L, -988836422L, 
393804304L, 1355021036L, 469535060L, 827281682L, -2097484384L, 
1363692236L, 1916218976L, -664035390L, -1917882584L, 613253036L, 
1723659068L, 1618360690L, -4936912L, -1352166108L, 1319062328L, 
-1207589158L, 167985040L, -1328341252L, -328567916L, 444155970L, 
-4287232L, -1318243268L, 2071703888L, -1261455198L, -2069059256L, 
1560356620L, 1314579164L, 643534162L, -1831244672L, 551592020L, 
1245845480L, -1604501254L, 233491280L, -2011394260L, -1046320780L, 
-748913774L, -1309824928L, -264989300L, 1382640480L, -252978718L, 
441527208L, 1699372236L, 1888069628L, -193964622L, -128135696L, 
192908172L, -1244837027L, -846251161L, -869306224L, -1903137106L, 
-135935141L, -1312646339L, -1811983958L, -1887420856L, -1033925007L, 
117411811L, 805427940L, -1356832238L, -595995161L, -1683062351L, 
1565624310L, -1157088748L, 670450981L, -2020444625L, 1387705320L, 
-1474739002L, 241836403L, 585574869L, -2012529230L, 1618056064L, 
1209378665L, 46123995L, 1911886636L, -1786786502L, 1720841199L, 
1568622201L, -582237938L, 1639522524L, 1917073229L, 112965303L, 
15651904L, 676670750L, 1183205355L, -266237075L, 598133210L, 
1960534936L, -943293951L, -442139725L, 755235540L, -440185886L, 
502365815L, 1356842945L, 1813787974L, 60687492L, -837686731L, 
914903583L, 60523896L, -1234443178L, 2040813795L, 1539501733L, 
120562498L, -1002182352L, -531885735L, -682941749L, 571067196L, 
-1625431190L, -1056681569L, -675887063L, -767028546L, 245130156L, 
-994299651L, -457065401L, -10589392L, 1140284494L, -188403589L, 
691463133L, -1509340662L, -1569022168L, -210833007L, -1108703357L, 
-1020617596L, -1337234766L, -1401975289L, 814665297L, -1502296618L, 
814995636L, 2105099461L, 2020935183L, -670540152L, 1696379814L, 
-798950573L, -1792813899L, 2023985682L, -1230143520L, 14930505L, 
-1499572101L, -1841878708L, 765525210L, 1829575887L, -724019047L, 
339506350L, 1948414396L, -949360083L, -1718526505L, -1256909792L, 
1387477374L, 1187936075L, 1188846925L, -1014881414L, -884001352L, 
-2067576991L, 680931091L, 1627981620L, 8017218L, -1293584041L, 
653796513L, 365968742L, -1820967068L, -326349163L, 1950959551L, 
766487384L, -349337226L, -595506301L, -974005819L, -649203998L, 
198143824L, -855115143L, 1583930795L, -1844239588L, -1699285942L, 
-1186230209L, -1298448247L, 470324382L, 1396109644L, 291547421L, 
-1327008601L, -785632304L, -1783633042L, 653883931L, -818111619L, 
-1116776086L, 1505310728L, -234979151L, -241230045L, -965764060L, 
144015058L, -2041066713L, 337214833L, -1368480842L, -303847596L, 
1560830437L, 970374127L, 2048076584L, 331488134L, 1555052467L, 
